image: resolution_8WUmhLawc2A_0.025.pgm
resolution: 0.025
origin: [-1,-19.275000000000002, 0.000000]
negate: 0
occupied_thresh: 0.65
free_thresh: 0.196