image: resolution_EU6Fwq7SyZv_0.025.pgm
resolution: 0.025
origin: [-1,-11.575000000000001, 0.000000]
negate: 0
occupied_thresh: 0.65
free_thresh: 0.196