image: resolution_EDJbREhghzL_0.025.pgm
resolution: 0.025
origin: [-1,-8.575000000000001, 0.000000]
negate: 0
occupied_thresh: 0.65
free_thresh: 0.196