image: resolution_B6ByNegPMKs_0.025.pgm
resolution: 0.025
origin: [-1,-59.175000000000004, 0.000000]
negate: 0
occupied_thresh: 0.65
free_thresh: 0.196