image: resolution_2n8kARJN3HM_0.025.pgm
resolution: 0.025
origin: [-1,-24.575000000000003, 0.000000]
negate: 0
occupied_thresh: 0.65
free_thresh: 0.196